Webots Project File version R2023b
perspectives: 000000ff00000000fd0000000200000001000001e3000002acfc0200000001fb0000001400540065007800740045006400690074006f00720000000013000002ac0000008800ffffff000000030000078000000079fc0100000001fb0000001a0043006f006e0073006f006c00650041006c006c0041006c006c0100000000000007800000006900ffffff000007800000039400000001000000020000000100000008fc00000000
simulationViewPerspectives: 000000ff0000000100000002000000fc000002c20100000002010000000101
sceneTreePerspectives: 000000ff00000001000000030000001c000000c0000000fa0100000002010000000201
minimizedPerspectives: 000000ff00000000fd000000020000000100000249000003d4fc0200000001fb0000001400540065007800740045006400690074006f00720000000013000003d40000003f00ffffff000000030000078000000039fc0100000002fb0000001a0043006f006e0073006f006c00650041006c006c0041006c006c0100000000000007800000000000000000fb0000001a0043006f006e0073006f006c00650041006c006c0041006c006c0100000000000007800000000000000000000007800000040f00000001000000020000000100000008fc00000000
maximizedDockId: -1
centralWidgetVisible: 1
projectionMode: PERSPECTIVE
orthographicViewHeight: 0.668747
textFiles: 0 "controllers/supervisor/supervisor.py"
consoles: Console:All:All
renderingDevicePerspectives: robot:camera;1;1.15;0;0
renderingDevicePerspectives: robot:range-finder;1;1.14737;0.228014;0.00350467
